2
0x0
0
4
1
0
0
0
0
0
0
7
0x200
1
2
1
0
0
0
0
0
0
1
0x400
3
1
1
0
0
0
0
0
0
0
0x600
7
6
1
0
0
0
0
0
0
3
0x800
0
5
1
0
0
0
0
0
0
1
0xa00
1
2
1
0
0
0
0
0
0
6
0xc00
3
2
1
0
0
0
0
0
0
5
0xe00
7
0
1
0
0
0
0
0
0
4
0x1000
0
1
1
0
0
0
0
0
0
5
0x1200
1
3
1
0
0
0
0
0
0
3
0x1400
3
1
1
0
0
0
0
0
0
7
0x1600
7
1
1
0
0
0
0
0
0
4
0x1800
0
4
1
0
0
0
0
0
0
0
0x1a00
1
4
1
0
0
0
0
0
0
3
0x1c00
3
3
1
0
0
0
0
0
0
4
0x1e00
7
4
1
0
0
0
0
0
0
7
0x2000
0
2
1
0
0
0
0
0
0
3
0x2200
1
3
1
0
0
0
0
0
0
0
0x2400
3
4
1
0
0
0
0
0
0
1
0x2600
7
2
1
0
0
0
0
0
0
5
0x2800
0
5
1
0
0
0
0
0
0
5
0x2a00
1
3
1
0
0
0
0
0
0
3
0x2c00
3
5
1
0
0
0
0
0
0
5
0x2e00
7
6
1
0
0
0
0
0
0
1
0x3000
0
2
1
0
0
0
0
0
0
7
0x3200
1
3
1
0
0
0
0
0
0
4
0x3400
3
0
1
0
0
0
0
0
0
4
0x3600
7
1
1
0
0
0
0
0
0
0
0x3800
0
4
1
0
0
0
0
0
0
2
0x3a00
1
6
1
0
0
0
0
0
0
6
0x3c00
3
4
1
0
0
0
0
0
0
2
0x3e00
7
0
1
0
0
0
0
0
0
1
0x4000
0
4
1
0
0
0
0
0
0
7
0x4200
1
4
1
0
0
0
0
0
0
3
0x4400
3
1
1
0
0
0
0
0
0
0
0x4600
7
0
1
0
0
0
0
0
0
4
0x4800
0
3
1
0
0
0
0
0
0
4
0x4a00
1
0
1
0
0
0
0
0
0
0
0x4c00
3
1
1
0
0
0
0
0
0
4
0x4e00
7
6
1
0
0
0
0
0
0
7
0x5000
0
4
1
0
0
0
0
0
0
3
0x5200
1
4
1
0
0
0
0
0
0
1
0x5400
3
5
1
0
0
0
0
0
0
7
0x5600
7
2
1
0
0
0
0
0
0
3
0x5800
0
5
1
0
0
0
0
0
0
7
0x5a00
1
2
1
0
0
0
0
0
0
2
0x5c00
3
3
1
0
0
0
0
0
0
4
0x5e00
7
2
1
0
0
0
0
0
0
7
0x6000
0
3
1
0
0
0
0
0
0
2
0x6200
1
2
1
0
0
0
0
0
0
7
0x6400
3
3
1
0
0
0
0
0
0
6
0x6600
7
3
1
0
0
0
0
0
0
7
0x6800
0
2
1
0
0
0
0
0
0
7
0x6a00
1
5
1
0
0
0
0
0
0
3
0x6c00
3
6
1
0
0
0
0
0
0
2
0x6e00
7
0
1
0
0
0
0
0
0
2
0x7000
0
5
1
0
0
0
0
0
0
0
0x7200
1
3
1
0
0
0
0
0
0
5
0x7400
3
0
1
0
0
0
0
0
0
2
0x7600
7
3
1
0
0
0
0
0
0
3
0x7800
0
1
1
0
0
0
0
0
0
0
0x7a00
1
3
1
0
0
0
0
0
0
5
0x7c00
3
5
1
0
0
0
0
0
0
3
0x7e00
7
4
1
0
0
0
0
0
0
