0
0x2000000
0
0
1
0
0
0
0
0
0
1
0x102000040
1
3
1
0
0
0
0
0
0
2
0x202000080
3
3
1
0
0
0
0
0
0
3
0x3020000c0
7
2
1
0
0
0
0
0
0
4
0x2000100
0
0
1
0
0
0
0
0
0
5
0x100000a00
1
3
1
0
0
0
0
0
0
6
0x200000c00
3
5
1
0
0
0
0
0
0
7
0x3020001c0
7
0
1
0
0
0
0
0
0
0
0x1000
0
2
1
0
0
0
0
0
0
1
0x100001200
1
0
1
0
0
0
0
0
0
2
0x200001400
3
2
1
0
0
0
0
0
0
3
0x300001600
7
6
1
0
0
0
0
0
0
4
0x2000300
0
1
1
0
0
0
0
0
0
5
0x100001a00
1
4
1
0
0
0
0
0
0
6
0x200001c00
3
0
1
0
0
0
0
0
0
7
0x3020003c0
7
1
1
0
0
0
0
0
0
