2
0x2000000
0
0
1
0
0
0
0
0
0
4
0x2000040
1
1
1
0
0
0
0
0
0
1
0x2000080
3
1
1
0
0
0
0
0
0
0
0x20000c0
7
1
1
0
0
0
0
0
0
3
0x2000100
0
3
1
0
0
0
0
0
0
4
0x2000140
1
1
1
0
0
0
0
0
0
6
0x2000180
3
2
1
0
0
0
0
0
0
5
0x20001c0
7
0
1
0
0
0
0
0
0
4
0x2000200
0
1
1
0
0
0
0
0
0
5
0x2000240
1
3
1
0
0
0
0
0
0
3
0x2000280
3
1
1
0
0
0
0
0
0
7
0x20002c0
7
1
1
0
0
0
0
0
0
4
0x2000300
0
2
1
0
0
0
0
0
0
0
0x2000340
1
2
1
0
0
0
0
0
0
3
0x2000380
3
3
1
0
0
0
0
0
0
4
0x20003c0
7
0
1
0
0
0
0
0
0
7
0x2000400
0
2
1
0
0
0
0
0
0
3
0x2000440
1
3
1
0
0
0
0
0
0
0
0x2000480
3
3
1
0
0
0
0
0
0
1
0x20004c0
7
2
1
0
0
0
0
0
0
5
0x2000500
0
3
1
0
0
0
0
0
0
6
0x2000540
1
2
1
0
0
0
0
0
0
2
0x2000580
3
3
1
0
0
0
0
0
0
4
0x20005c0
7
3
1
0
0
0
0
0
0
4
0x2000600
0
1
1
0
0
0
0
0
0
3
0x2000640
1
1
1
0
0
0
0
0
0
4
0x2000680
3
2
1
0
0
0
0
0
0
2
0x20006c0
7
0
1
0
0
0
0
0
0
7
0x2000700
0
1
1
0
0
0
0
0
0
2
0x2000740
1
2
1
0
0
0
0
0
0
5
0x2000780
3
2
1
0
0
0
0
0
0
6
0x20007c0
7
1
1
0
0
0
0
0
0
5
0x2000800
0
3
1
0
0
0
0
0
0
1
0x2000840
1
2
1
0
0
0
0
0
0
2
0x2000880
3
0
1
0
0
0
0
0
0
3
0x20008c0
7
3
1
0
0
0
0
0
0
2
0x2000900
0
2
1
0
0
0
0
0
0
0
0x2000940
1
2
1
0
0
0
0
0
0
1
0x2000980
3
1
1
0
0
0
0
0
0
2
0x20009c0
7
0
1
0
0
0
0
0
0
2
0x2000a00
0
3
1
0
0
0
0
0
0
0
0x2000a40
1
1
1
0
0
0
0
0
0
1
0x2000a80
3
1
1
0
0
0
0
0
0
1
0x2000ac0
7
1
1
0
0
0
0
0
0
6
0x2000b00
0
2
1
0
0
0
0
0
0
2
0x2000b40
1
1
1
0
0
0
0
0
0
3
0x2000b80
3
2
1
0
0
0
0
0
0
1
0x2000bc0
7
2
1
0
0
0
0
0
0
1
0x2000c00
0
0
1
0
0
0
0
0
0
5
0x2000c40
1
0
1
0
0
0
0
0
0
7
0x2000c80
3
1
1
0
0
0
0
0
0
7
0x2000cc0
7
0
1
0
0
0
0
0
0
3
0x2000d00
0
0
1
0
0
0
0
0
0
3
0x2000d40
1
2
1
0
0
0
0
0
0
2
0x2000d80
3
2
1
0
0
0
0
0
0
3
0x2000dc0
7
1
1
0
0
0
0
0
0
6
0x2000e00
0
3
1
0
0
0
0
0
0
1
0x2000e40
1
0
1
0
0
0
0
0
0
7
0x2000e80
3
3
1
0
0
0
0
0
0
0
0x2000ec0
7
3
1
0
0
0
0
0
0
7
0x2000f00
0
0
1
0
0
0
0
0
0
6
0x2000f40
1
0
1
0
0
0
0
0
0
1
0x2000f80
3
2
1
0
0
0
0
0
0
3
0x2000fc0
7
2
1
0
0
0
0
0
0
