4
0x2000000
0
2
1
0
0
0
0
0
0
1
0x2000040
1
1
1
0
0
0
0
0
0
0
0x2000080
3
3
1
0
0
0
0
0
0
4
0x600
7
3
1
0
0
0
0
0
0
6
0x800
0
4
1
0
0
0
0
0
0
5
0xa00
1
0
1
0
0
0
0
0
0
1
0x2000180
3
3
1
0
0
0
0
0
0
7
0x20001c0
7
2
1
0
0
0
0
0
0
7
0x2000200
0
0
1
0
0
0
0
0
0
7
0x1200
1
0
1
0
0
0
0
0
0
4
0x2000280
3
2
1
0
0
0
0
0
0
7
0x20002c0
7
1
1
0
0
0
0
0
0
6
0x1800
0
3
1
0
0
0
0
0
0
1
0x2000340
1
0
1
0
0
0
0
0
0
3
0x1c00
3
1
1
0
0
0
0
0
0
4
0x1e00
7
3
1
0
0
0
0
0
0
3
0x2000400
0
3
1
0
0
0
0
0
0
0
0x2000440
1
2
1
0
0
0
0
0
0
2
0x2000480
3
0
1
0
0
0
0
0
0
1
0x2600
7
3
1
0
0
0
0
0
0
3
0x2800
0
6
1
0
0
0
0
0
0
0
0x2000540
1
2
1
0
0
0
0
0
0
2
0x2c00
3
4
1
0
0
0
0
0
0
7
0x2e00
7
1
1
0
0
0
0
0
0
0
0x2000600
0
1
1
0
0
0
0
0
0
7
0x3200
1
4
1
0
0
0
0
0
0
6
0x2000680
3
2
1
0
0
0
0
0
0
4
0x3600
7
3
1
0
0
0
0
0
0
5
0x3800
0
6
1
0
0
0
0
0
0
0
0x3a00
1
4
1
0
0
0
0
0
0
2
0x3c00
3
3
1
0
0
0
0
0
0
0
0x3e00
7
4
1
0
0
0
0
0
0
0
0x2000800
0
0
1
0
0
0
0
0
0
6
0x2000840
1
2
1
0
0
0
0
0
0
1
0x4400
3
0
1
0
0
0
0
0
0
3
0x20008c0
7
0
1
0
0
0
0
0
0
6
0x2000900
0
2
1
0
0
0
0
0
0
2
0x4a00
1
2
1
0
0
0
0
0
0
0
0x4c00
3
0
1
0
0
0
0
0
0
1
0x20009c0
7
1
1
0
0
0
0
0
0
5
0x5000
0
2
1
0
0
0
0
0
0
6
0x5200
1
1
1
0
0
0
0
0
0
1
0x2000a80
3
3
1
0
0
0
0
0
0
3
0x2000ac0
7
1
1
0
0
0
0
0
0
1
0x5800
0
6
1
0
0
0
0
0
0
5
0x2000b40
1
2
1
0
0
0
0
0
0
2
0x5c00
3
1
1
0
0
0
0
0
0
4
0x5e00
7
4
1
0
0
0
0
0
0
0
0x2000c00
0
1
1
0
0
0
0
0
0
4
0x6200
1
1
1
0
0
0
0
0
0
5
0x2000c80
3
1
1
0
0
0
0
0
0
2
0x6600
7
2
1
0
0
0
0
0
0
4
0x2000d00
0
0
1
0
0
0
0
0
0
4
0x2000d40
1
1
1
0
0
0
0
0
0
7
0x6c00
3
4
1
0
0
0
0
0
0
3
0x6e00
7
5
1
0
0
0
0
0
0
5
0x7000
0
6
1
0
0
0
0
0
0
6
0x2000e40
1
3
1
0
0
0
0
0
0
2
0x2000e80
3
0
1
0
0
0
0
0
0
4
0x2000ec0
7
0
1
0
0
0
0
0
0
1
0x7800
0
2
1
0
0
0
0
0
0
2
0x2000f40
1
3
1
0
0
0
0
0
0
5
0x2000f80
3
1
1
0
0
0
0
0
0
7
0x7e00
7
0
1
0
0
0
0
0
0
