2
0x0
0
4
1
0
0
0
0
0
0
4
0x200000200
1
5
1
0
0
0
0
0
0
1
0x400
3
1
1
0
0
0
0
0
0
6
0x300000600
7
4
1
0
0
0
0
0
0
0
0x300000800
0
3
1
0
0
0
0
0
0
2
0x100000a00
1
0
1
0
0
0
0
0
0
2
0x200000c00
3
1
1
0
0
0
0
0
0
1
0xe00
7
4
1
0
0
0
0
0
0
3
0x1000
0
3
1
0
0
0
0
0
0
2
0x200001200
1
1
1
0
0
0
0
0
0
3
0x300001400
3
2
1
0
0
0
0
0
0
0
0x100001600
7
0
1
0
0
0
0
0
0
1
0x100001800
0
6
1
0
0
0
0
0
0
5
0x200001a00
1
4
1
0
0
0
0
0
0
6
0x100001c00
3
5
1
0
0
0
0
0
0
6
0x300001e00
7
0
1
0
0
0
0
0
0
5
0x100002000
0
5
1
0
0
0
0
0
0
4
0x100002200
1
2
1
0
0
0
0
0
0
4
0x100002400
3
0
1
0
0
0
0
0
0
6
0x2600
7
6
1
0
0
0
0
0
0
0
0x100002800
0
4
1
0
0
0
0
0
0
3
0x100002a00
1
4
1
0
0
0
0
0
0
3
0x100002c00
3
1
1
0
0
0
0
0
0
6
0x300002e00
7
4
1
0
0
0
0
0
0
7
0x100003000
0
6
1
0
0
0
0
0
0
3
0x300003200
1
1
1
0
0
0
0
0
0
4
0x100003400
3
5
1
0
0
0
0
0
0
1
0x200003600
7
1
1
0
0
0
0
0
0
2
0x100003800
0
1
1
0
0
0
0
0
0
0
0x300003a00
1
4
1
0
0
0
0
0
0
5
0x100003c00
3
6
1
0
0
0
0
0
0
5
0x300003e00
7
5
1
0
0
0
0
0
0
6
0x300004000
0
4
1
0
0
0
0
0
0
2
0x200004200
1
2
1
0
0
0
0
0
0
0
0x300004400
3
5
1
0
0
0
0
0
0
3
0x200004600
7
6
1
0
0
0
0
0
0
1
0x300004800
0
6
1
0
0
0
0
0
0
1
0x300004a00
1
3
1
0
0
0
0
0
0
6
0x4c00
3
4
1
0
0
0
0
0
0
7
0x300004e00
7
1
1
0
0
0
0
0
0
0
0x200005000
0
2
1
0
0
0
0
0
0
1
0x300005200
1
1
1
0
0
0
0
0
0
3
0x300005400
3
1
1
0
0
0
0
0
0
0
0x5600
7
0
1
0
0
0
0
0
0
5
0x300005800
0
6
1
0
0
0
0
0
0
2
0x100005a00
1
3
1
0
0
0
0
0
0
5
0x200005c00
3
5
1
0
0
0
0
0
0
3
0x100005e00
7
6
1
0
0
0
0
0
0
7
0x100006000
0
4
1
0
0
0
0
0
0
7
0x6200
1
1
1
0
0
0
0
0
0
2
0x100006400
3
1
1
0
0
0
0
0
0
2
0x100006600
7
6
1
0
0
0
0
0
0
5
0x100006800
0
4
1
0
0
0
0
0
0
3
0x300006a00
1
1
1
0
0
0
0
0
0
2
0x6c00
3
4
1
0
0
0
0
0
0
6
0x300006e00
7
2
1
0
0
0
0
0
0
6
0x300007000
0
1
1
0
0
0
0
0
0
5
0x7200
1
6
1
0
0
0
0
0
0
1
0x200007400
3
6
1
0
0
0
0
0
0
4
0x100007600
7
6
1
0
0
0
0
0
0
6
0x100007800
0
6
1
0
0
0
0
0
0
5
0x7a00
1
6
1
0
0
0
0
0
0
0
0x7c00
3
3
1
0
0
0
0
0
0
6
0x7e00
7
5
1
0
0
0
0
0
0
