0
0x0
0
6
1
0
0
0
0
0
0
0
0x3f3e3d3c3b3a393837363534333231302f2e2d2c2b2a292827262524232221201f1e1d1c1b1a191817161514131211100f0e0d0c0b0a09080706050403020100 0xffffffffffffffff 0
0
0x200
0
6
1
0
0
0
0
0
0
1
0x3f3e3d3c3b3a393837363534333231302f2e2d2c2b2a292827262524232221201f1e1d1c1b1a191817161514131211100f0e0d0c0b0a09080706050403020100 0xffffffffffffffff 0
0
0x400
0
6
1
0
0
0
0
0
0
2
0x3f3e3d3c3b3a393837363534333231302f2e2d2c2b2a292827262524232221201f1e1d1c1b1a191817161514131211100f0e0d0c0b0a09080706050403020100 0xffffffffffffffff 0
0
0x600
0
6
1
0
0
0
0
0
0
3
0x3f3e3d3c3b3a393837363534333231302f2e2d2c2b2a292827262524232221201f1e1d1c1b1a191817161514131211100f0e0d0c0b0a09080706050403020100 0xffffffffffffffff 0
0
0x800
0
6
1
0
0
0
0
0
0
4
0x3f3e3d3c3b3a393837363534333231302f2e2d2c2b2a292827262524232221201f1e1d1c1b1a191817161514131211100f0e0d0c0b0a09080706050403020100 0xffffffffffffffff 0
0
0xa00
0
6
1
0
0
0
0
0
0
5
0x3f3e3d3c3b3a393837363534333231302f2e2d2c2b2a292827262524232221201f1e1d1c1b1a191817161514131211100f0e0d0c0b0a09080706050403020100 0xffffffffffffffff 0
0
0xc00
0
6
1
0
0
0
0
0
0
6
0x3f3e3d3c3b3a393837363534333231302f2e2d2c2b2a292827262524232221201f1e1d1c1b1a191817161514131211100f0e0d0c0b0a09080706050403020100 0xffffffffffffffff 0
0
0xe00
0
6
1
0
0
0
0
0
0
7
0x3f3e3d3c3b3a393837363534333231302f2e2d2c2b2a292827262524232221201f1e1d1c1b1a191817161514131211100f0e0d0c0b0a09080706050403020100 0xffffffffffffffff 0
