0
0x2000000
0
3
1
0
0
0
0
0
0
1
0x102000040
0
3
1
0
0
0
0
0
0
2
0x202000080
0
3
1
0
0
0
0
0
0
3
0x3020000c0
0
3
1
0
0
0
0
0
0
4
0x2000100
0
3
1
0
0
0
0
0
0
5
0x102000140
0
3
1
0
0
0
0
0
0
6
0x202000180
0
3
1
0
0
0
0
0
0
7
0x3020001c0
0
3
1
0
0
0
0
0
0
0
0x2000200
0
3
1
0
0
0
0
0
0
1
0x102000240
0
3
1
0
0
0
0
0
0
2
0x202000280
0
3
1
0
0
0
0
0
0
3
0x3020002c0
0
3
1
0
0
0
0
0
0
4
0x2000300
0
3
1
0
0
0
0
0
0
5
0x102000340
0
3
1
0
0
0
0
0
0
6
0x202000380
0
3
1
0
0
0
0
0
0
7
0x3020003c0
0
3
1
0
0
0
0
0
0
