4
0x302000000
0
2
1
0
0
0
0
0
0
1
0x202000040
1
1
1
0
0
0
0
0
0
0
0x102000080
3
3
1
0
0
0
0
0
0
4
0x300000600
7
3
1
0
0
0
0
0
0
5
0x100000800
0
6
1
0
0
0
0
0
0
4
0x100000a00
1
1
1
0
0
0
0
0
0
0
0x2000180
3
2
1
0
0
0
0
0
0
7
0x1020001c0
7
2
1
0
0
0
0
0
0
0
0x2000200
0
3
1
0
0
0
0
0
0
5
0x100001200
1
4
1
0
0
0
0
0
0
5
0x2000280
3
1
1
0
0
0
0
0
0
6
0x2020002c0
7
0
1
0
0
0
0
0
0
1
0x200001800
0
3
1
0
0
0
0
0
0
4
0x102000340
1
3
1
0
0
0
0
0
0
4
0x300001c00
3
0
1
0
0
0
0
0
0
4
0x1e00
7
6
1
0
0
0
0
0
0
3
0x202000400
0
0
1
0
0
0
0
0
0
1
0x102000440
1
2
1
0
0
0
0
0
0
5
0x302000480
3
0
1
0
0
0
0
0
0
5
0x2600
7
2
1
0
0
0
0
0
0
6
0x2800
0
4
1
0
0
0
0
0
0
4
0x202000540
1
3
1
0
0
0
0
0
0
4
0x300002c00
3
3
1
0
0
0
0
0
0
3
0x2e00
7
4
1
0
0
0
0
0
0
3
0x302000600
0
2
1
0
0
0
0
0
0
3
0x300003200
1
4
1
0
0
0
0
0
0
1
0x102000680
3
0
1
0
0
0
0
0
0
4
0x3600
7
3
1
0
0
0
0
0
0
0
0x300003800
0
4
1
0
0
0
0
0
0
7
0x3a00
1
2
1
0
0
0
0
0
0
4
0x3c00
3
6
1
0
0
0
0
0
0
1
0x3e00
7
1
1
0
0
0
0
0
0
4
0x2000800
0
1
1
0
0
0
0
0
0
1
0x102000840
1
0
1
0
0
0
0
0
0
3
0x300004400
3
6
1
0
0
0
0
0
0
1
0x2020008c0
7
3
1
0
0
0
0
0
0
1
0x102000900
0
2
1
0
0
0
0
0
0
6
0x4a00
1
1
1
0
0
0
0
0
0
2
0x100004c00
3
0
1
0
0
0
0
0
0
4
0x2020009c0
7
2
1
0
0
0
0
0
0
4
0x300005000
0
6
1
0
0
0
0
0
0
3
0x100005200
1
0
1
0
0
0
0
0
0
3
0x302000a80
3
3
1
0
0
0
0
0
0
5
0x302000ac0
7
3
1
0
0
0
0
0
0
3
0x200005800
0
0
1
0
0
0
0
0
0
7
0x102000b40
1
3
1
0
0
0
0
0
0
0
0x5c00
3
1
1
0
0
0
0
0
0
4
0x100005e00
7
5
1
0
0
0
0
0
0
5
0x102000c00
0
0
1
0
0
0
0
0
0
7
0x100006200
1
4
1
0
0
0
0
0
0
6
0x102000c80
3
3
1
0
0
0
0
0
0
5
0x300006600
7
5
1
0
0
0
0
0
0
0
0x102000d00
0
0
1
0
0
0
0
0
0
0
0x102000d40
1
2
1
0
0
0
0
0
0
1
0x6c00
3
1
1
0
0
0
0
0
0
7
0x100006e00
7
4
1
0
0
0
0
0
0
4
0x200007000
0
4
1
0
0
0
0
0
0
7
0x202000e40
1
0
1
0
0
0
0
0
0
4
0x202000e80
3
0
1
0
0
0
0
0
0
6
0x2000ec0
7
0
1
0
0
0
0
0
0
2
0x200007800
0
5
1
0
0
0
0
0
0
3
0x2000f40
1
1
1
0
0
0
0
0
0
7
0x2000f80
3
2
1
0
0
0
0
0
0
0
0x7e00
7
1
1
0
0
0
0
0
0
