0
0x0
0
6
1
0
0
0
0
0
0
0
0x35bf992dc9e9c616612e7696a6cecc1b78e510617311d8a3c2ce6f447ed4d57b1e2feb89414c343c1027c4d1c386bbc4cd613e30d8f16adf91b7584a2265b1f5 0xffffffffffffffff 0
1
0x100000200
0
6
1
0
0
0
0
0
0
1
0xcd447e35b8b6d8fe442e3d437204e52db2221a58008a05a6c4647159c324c9859b810e766ec9d28663ca828dd5f4b3b2e4b06ce60741c7a87ce42c8218072e8c 0xffffffffffffffff 0
2
0x200000400
0
6
1
0
0
0
0
0
0
2
0xafbd67f9619699cfe1988ad9f06c144a025b413f8a9a021ea648a7dd06839eb905b6e6e307d4bedc51431193e6c3f3391a2b8f1ff1fd42a29755d4c13a902931 0xffffffffffffffff 0
3
0x300000600
0
6
1
0
0
0
0
0
0
3
0xad45f23d3b1a11df587fd2803bab6c398d88348a7eed8d14f06d3fef701966a0c381e88f38c0c8fd8712b8bc076f3787b9d179e06c0fd4f5f8130c4237730edf 0xffffffffffffffff 0
4
0x800
0
6
1
0
0
0
0
0
0
4
0xa11d459a2f978d8719999e3fa46d6753ec148cb48e73ca47ea90a8f0d66b829e6a8ac4ba05805975ed2f89d94a2f20aaf3c64af775a89294c2cd789a380208a9 0xffffffffffffffff 0
5
0x100000a00
0
6
1
0
0
0
0
0
0
5
0x81f9c1f66c0f3459f79b17aeefba91fc803468b6b610a9f7f9270f4eb8b333a8e5446dd4552b82f6be3edc0a1ef2a4f04be03db0dc2574bdb94067edfe175330 0xffffffffffffffff 0
6
0x200000c00
0
6
1
0
0
0
0
0
0
6
0xda71144896c8da1964b2d2bc815a47c5f0dfb4a5d8a064df7fd63116e1ea24c4f9341c68966baea148beab134da98f1d3099fdf5ab99254ae901e35cd47d380d 0xffffffffffffffff 0
7
0x300000e00
0
6
1
0
0
0
0
0
0
7
0xbcfbb050acab1a6bc69d4bd8b3fa7aa7e1fab9d78c7e134f5dfbd3d12c4a3698aa2ca1af6a107b75677f6cbdcc22af58be6521cc3e2434e37af027bc08d6af57 0xffffffffffffffff 0
0
0x1000
0
6
1
0
0
0
0
0
0
8
0x78255d6807923986bb968a437d5c8dfc5eda92d864ac5db9d707107e855c384429e821a4c74803e31ba1621582283d15a9ec0806705fca161622bd795fec898f 0xffffffffffffffff 0
1
0x100001200
0
6
1
0
0
0
0
0
0
9
0x326324dfb695ffb3a1890c78092b4d42b28fef02b9c014ea5ac06d864c2f2e39403560d97dae38d9d643c25fbb230bbd92a4aa2b410d93c4efbc8d60b21fbac 0xffffffffffffffff 0
2
0x200001400
0
6
1
0
0
0
0
0
0
10
0xe8e5b4617589a82b5a702cfa93ea5c4ed8f33418f3d4e7115804f92283868a29678a5aa33b6fe5078c5fe8f8dc3bf364eb8ac8ce8a245e6b33138131c541013d 0xffffffffffffffff 0
3
0x300001600
0
6
1
0
0
0
0
0
0
11
0x83333218bd91a1b7f03edca7e2dcaa37f463b337d20b5d59db610487c89da11b62397bc701762741bab9f87ff50592859be3cecb8c497c68a8c24d4244ef7feb 0xffffffffffffffff 0
4
0x1800
0
6
1
0
0
0
0
0
0
12
0xf0e642f43328ad088ded3c9691eb79fa5d5f576cdeb8fc4c7b297d0b0e5e18baf320cd576d14475b349aae908fb5262cc703806984c8199921167d8fcf23cae8 0xffffffffffffffff 0
5
0x100001a00
0
6
1
0
0
0
0
0
0
13
0x99901c0475491bc354c56c9a9cc9af4ec9546b439f9d01298a449ebe89d9bf020067dba8589890086a17b9af5b569643d037cdff7c240d4969d495dd81355c53 0xffffffffffffffff 0
6
0x200001c00
0
6
1
0
0
0
0
0
0
14
0xee52bdb6d1020a15d9ed17e3cc0e95ee8d103ed3cc667e971773308cdc6b13ab2e47dc0e959f3a518cfe5cd12d5db79ba2a7ae1f3ac7652ccdf8440407295e42 0xffffffffffffffff 0
7
0x300001e00
0
6
1
0
0
0
0
0
0
15
0x44c5b4763fe31d0347fc816ac16e2284c10faa4003ba33db73f7ba8e0445d656de3a5db5154ed51212093d26ac512b01f18dd1eed77c96c0084f3dd6415af341 0xffffffffffffffff 0
