0
0x2000000
7
3
1
0
0
0
0
0
0
0
0x2000040
7
3
1
0
0
0
0
0
0
0
0x2000080
7
3
1
0
0
0
0
0
0
0
0x20000c0
7
3
1
0
0
0
0
0
0
0
0x2000100
7
3
1
0
0
0
0
0
0
0
0x2000140
7
3
1
0
0
0
0
0
0
0
0x2000180
7
3
1
0
0
0
0
0
0
0
0x20001c0
7
3
1
0
0
0
0
0
0
0
0x2000200
7
3
1
0
0
0
0
0
0
0
0x2000240
7
3
1
0
0
0
0
0
0
0
0x2000280
7
3
1
0
0
0
0
0
0
0
0x20002c0
7
3
1
0
0
0
0
0
0
0
0x2000300
7
3
1
0
0
0
0
0
0
0
0x2000340
7
3
1
0
0
0
0
0
0
0
0x2000380
7
3
1
0
0
0
0
0
0
0
0x20003c0
7
3
1
0
0
0
0
0
0
0
0x2000400
7
3
1
0
0
0
0
0
0
0
0x2000440
7
3
1
0
0
0
0
0
0
0
0x2000480
7
3
1
0
0
0
0
0
0
0
0x20004c0
7
3
1
0
0
0
0
0
0
0
0x2000500
7
3
1
0
0
0
0
0
0
0
0x2000540
7
3
1
0
0
0
0
0
0
0
0x2000580
7
3
1
0
0
0
0
0
0
0
0x20005c0
7
3
1
0
0
0
0
0
0
0
0x2000600
7
3
1
0
0
0
0
0
0
0
0x2000640
7
3
1
0
0
0
0
0
0
0
0x2000680
7
3
1
0
0
0
0
0
0
0
0x20006c0
7
3
1
0
0
0
0
0
0
0
0x2000700
7
3
1
0
0
0
0
0
0
0
0x2000740
7
3
1
0
0
0
0
0
0
0
0x2000780
7
3
1
0
0
0
0
0
0
0
0x20007c0
7
3
1
0
0
0
0
0
0
0
0x2000800
7
3
1
0
0
0
0
0
0
0
0x2000840
7
3
1
0
0
0
0
0
0
0
0x2000880
7
3
1
0
0
0
0
0
0
0
0x20008c0
7
3
1
0
0
0
0
0
0
0
0x2000900
7
3
1
0
0
0
0
0
0
0
0x2000940
7
3
1
0
0
0
0
0
0
0
0x2000980
7
3
1
0
0
0
0
0
0
0
0x20009c0
7
3
1
0
0
0
0
0
0
0
0x2000a00
7
3
1
0
0
0
0
0
0
0
0x2000a40
7
3
1
0
0
0
0
0
0
0
0x2000a80
7
3
1
0
0
0
0
0
0
0
0x2000ac0
7
3
1
0
0
0
0
0
0
0
0x2000b00
7
3
1
0
0
0
0
0
0
0
0x2000b40
7
3
1
0
0
0
0
0
0
0
0x2000b80
7
3
1
0
0
0
0
0
0
0
0x2000bc0
7
3
1
0
0
0
0
0
0
0
0x2000c00
7
3
1
0
0
0
0
0
0
0
0x2000c40
7
3
1
0
0
0
0
0
0
0
0x2000c80
7
3
1
0
0
0
0
0
0
0
0x2000cc0
7
3
1
0
0
0
0
0
0
0
0x2000d00
7
3
1
0
0
0
0
0
0
0
0x2000d40
7
3
1
0
0
0
0
0
0
0
0x2000d80
7
3
1
0
0
0
0
0
0
0
0x2000dc0
7
3
1
0
0
0
0
0
0
0
0x2000e00
7
3
1
0
0
0
0
0
0
0
0x2000e40
7
3
1
0
0
0
0
0
0
0
0x2000e80
7
3
1
0
0
0
0
0
0
0
0x2000ec0
7
3
1
0
0
0
0
0
0
0
0x2000f00
7
3
1
0
0
0
0
0
0
0
0x2000f40
7
3
1
0
0
0
0
0
0
0
0x2000f80
7
3
1
0
0
0
0
0
0
0
0x2000fc0
7
3
1
0
0
0
0
0
0
