0
0x0
7
6
1
0
0
0
0
0
0
0
0x200
7
6
1
0
0
0
0
0
0
0
0x400
7
6
1
0
0
0
0
0
0
0
0x600
7
6
1
0
0
0
0
0
0
0
0x800
7
6
1
0
0
0
0
0
0
0
0xa00
7
6
1
0
0
0
0
0
0
0
0xc00
7
6
1
0
0
0
0
0
0
0
0xe00
7
6
1
0
0
0
0
0
0
0
0x1000
7
6
1
0
0
0
0
0
0
0
0x1200
7
6
1
0
0
0
0
0
0
0
0x1400
7
6
1
0
0
0
0
0
0
0
0x1600
7
6
1
0
0
0
0
0
0
0
0x1800
7
6
1
0
0
0
0
0
0
0
0x1a00
7
6
1
0
0
0
0
0
0
0
0x1c00
7
6
1
0
0
0
0
0
0
0
0x1e00
7
6
1
0
0
0
0
0
0
0
0x2000
7
6
1
0
0
0
0
0
0
0
0x2200
7
6
1
0
0
0
0
0
0
0
0x2400
7
6
1
0
0
0
0
0
0
0
0x2600
7
6
1
0
0
0
0
0
0
0
0x2800
7
6
1
0
0
0
0
0
0
0
0x2a00
7
6
1
0
0
0
0
0
0
0
0x2c00
7
6
1
0
0
0
0
0
0
0
0x2e00
7
6
1
0
0
0
0
0
0
0
0x3000
7
6
1
0
0
0
0
0
0
0
0x3200
7
6
1
0
0
0
0
0
0
0
0x3400
7
6
1
0
0
0
0
0
0
0
0x3600
7
6
1
0
0
0
0
0
0
0
0x3800
7
6
1
0
0
0
0
0
0
0
0x3a00
7
6
1
0
0
0
0
0
0
0
0x3c00
7
6
1
0
0
0
0
0
0
0
0x3e00
7
6
1
0
0
0
0
0
0
0
0x4000
7
6
1
0
0
0
0
0
0
0
0x4200
7
6
1
0
0
0
0
0
0
0
0x4400
7
6
1
0
0
0
0
0
0
0
0x4600
7
6
1
0
0
0
0
0
0
0
0x4800
7
6
1
0
0
0
0
0
0
0
0x4a00
7
6
1
0
0
0
0
0
0
0
0x4c00
7
6
1
0
0
0
0
0
0
0
0x4e00
7
6
1
0
0
0
0
0
0
0
0x5000
7
6
1
0
0
0
0
0
0
0
0x5200
7
6
1
0
0
0
0
0
0
0
0x5400
7
6
1
0
0
0
0
0
0
0
0x5600
7
6
1
0
0
0
0
0
0
0
0x5800
7
6
1
0
0
0
0
0
0
0
0x5a00
7
6
1
0
0
0
0
0
0
0
0x5c00
7
6
1
0
0
0
0
0
0
0
0x5e00
7
6
1
0
0
0
0
0
0
0
0x6000
7
6
1
0
0
0
0
0
0
0
0x6200
7
6
1
0
0
0
0
0
0
0
0x6400
7
6
1
0
0
0
0
0
0
0
0x6600
7
6
1
0
0
0
0
0
0
0
0x6800
7
6
1
0
0
0
0
0
0
0
0x6a00
7
6
1
0
0
0
0
0
0
0
0x6c00
7
6
1
0
0
0
0
0
0
0
0x6e00
7
6
1
0
0
0
0
0
0
0
0x7000
7
6
1
0
0
0
0
0
0
0
0x7200
7
6
1
0
0
0
0
0
0
0
0x7400
7
6
1
0
0
0
0
0
0
0
0x7600
7
6
1
0
0
0
0
0
0
0
0x7800
7
6
1
0
0
0
0
0
0
0
0x7a00
7
6
1
0
0
0
0
0
0
0
0x7c00
7
6
1
0
0
0
0
0
0
0
0x7e00
7
6
1
0
0
0
0
0
0
