2
0x302000000
0
0
1
0
0
0
0
0
0
3
0x2000040
1
0
1
0
0
0
0
0
0
4
0x302000080
3
0
1
0
0
0
0
0
0
5
0x3020000c0
7
3
1
0
0
0
0
0
0
0
0x202000100
0
2
1
0
0
0
0
0
0
0
0x2000140
1
3
1
0
0
0
0
0
0
5
0x2000180
3
3
1
0
0
0
0
0
0
4
0x20001c0
7
0
1
0
0
0
0
0
0
1
0x102000200
0
2
1
0
0
0
0
0
0
0
0x102000240
1
2
1
0
0
0
0
0
0
0
0x102000280
3
0
1
0
0
0
0
0
0
1
0x1020002c0
7
0
1
0
0
0
0
0
0
2
0x202000300
0
0
1
0
0
0
0
0
0
1
0x2000340
1
3
1
0
0
0
0
0
0
1
0x202000380
3
3
1
0
0
0
0
0
0
5
0x1020003c0
7
3
1
0
0
0
0
0
0
0
0x202000400
0
3
1
0
0
0
0
0
0
4
0x202000440
1
1
1
0
0
0
0
0
0
2
0x202000480
3
2
1
0
0
0
0
0
0
4
0x20004c0
7
3
1
0
0
0
0
0
0
4
0x2000500
0
0
1
0
0
0
0
0
0
3
0x102000540
1
1
1
0
0
0
0
0
0
7
0x2000580
3
0
1
0
0
0
0
0
0
7
0x20005c0
7
2
1
0
0
0
0
0
0
5
0x202000600
0
3
1
0
0
0
0
0
0
3
0x102000640
1
3
1
0
0
0
0
0
0
5
0x2000680
3
3
1
0
0
0
0
0
0
1
0x1020006c0
7
1
1
0
0
0
0
0
0
5
0x2000700
0
3
1
0
0
0
0
0
0
5
0x102000740
1
3
1
0
0
0
0
0
0
2
0x102000780
3
0
1
0
0
0
0
0
0
1
0x3020007c0
7
2
1
0
0
0
0
0
0
2
0x2000800
0
3
1
0
0
0
0
0
0
3
0x102000840
1
3
1
0
0
0
0
0
0
2
0x2000880
3
1
1
0
0
0
0
0
0
5
0x20008c0
7
1
1
0
0
0
0
0
0
6
0x202000900
0
2
1
0
0
0
0
0
0
4
0x202000940
1
3
1
0
0
0
0
0
0
2
0x102000980
3
0
1
0
0
0
0
0
0
7
0x20009c0
7
2
1
0
0
0
0
0
0
3
0x102000a00
0
3
1
0
0
0
0
0
0
7
0x2000a40
1
3
1
0
0
0
0
0
0
4
0x2000a80
3
3
1
0
0
0
0
0
0
2
0x102000ac0
7
0
1
0
0
0
0
0
0
0
0x202000b00
0
1
1
0
0
0
0
0
0
4
0x102000b40
1
2
1
0
0
0
0
0
0
7
0x102000b80
3
1
1
0
0
0
0
0
0
5
0x2000bc0
7
3
1
0
0
0
0
0
0
3
0x202000c00
0
3
1
0
0
0
0
0
0
4
0x102000c40
1
1
1
0
0
0
0
0
0
0
0x302000c80
3
1
1
0
0
0
0
0
0
1
0x102000cc0
7
3
1
0
0
0
0
0
0
6
0x102000d00
0
3
1
0
0
0
0
0
0
5
0x102000d40
1
1
1
0
0
0
0
0
0
0
0x102000d80
3
2
1
0
0
0
0
0
0
5
0x102000dc0
7
0
1
0
0
0
0
0
0
3
0x102000e00
0
2
1
0
0
0
0
0
0
0
0x202000e40
1
3
1
0
0
0
0
0
0
5
0x2000e80
3
0
1
0
0
0
0
0
0
0
0x202000ec0
7
2
1
0
0
0
0
0
0
6
0x302000f00
0
3
1
0
0
0
0
0
0
4
0x302000f40
1
2
1
0
0
0
0
0
0
2
0x202000f80
3
1
1
0
0
0
0
0
0
0
0x2000fc0
7
0
1
0
0
0
0
0
0
