0
0x2000000
0
3
1
0
0
0
0
0
0
0
0x00000000000000000000000000000000000000000000000000000000000000000000000000000000000000000000000000000000000000000706050403020100 0x00000000000000ff 0
0
0x2000040
0
3
1
0
0
0
0
0
0
1
0x00000000000000000000000000000000000000000000000000000000000000000000000000000000000000000000000000000000000000004746454443424140 0x00000000000000ff 0
0
0x2000080
0
3
1
0
0
0
0
0
0
2
0x00000000000000000000000000000000000000000000000000000000000000000000000000000000000000000000000000000000000000008786858483828180 0x00000000000000ff 0
0
0x20000c0
0
3
1
0
0
0
0
0
0
3
0x0000000000000000000000000000000000000000000000000000000000000000000000000000000000000000000000000000000000000000c7c6c5c4c3c2c1c0 0x00000000000000ff 0
0
0x2000100
0
3
1
0
0
0
0
0
0
4
0x00000000000000000000000000000000000000000000000000000000000000000000000000000000000000000000000000000000000000000706050403020100 0x00000000000000ff 0
0
0x2000140
0
3
1
0
0
0
0
0
0
5
0x00000000000000000000000000000000000000000000000000000000000000000000000000000000000000000000000000000000000000004746454443424140 0x00000000000000ff 0
0
0x2000180
0
3
1
0
0
0
0
0
0
6
0x00000000000000000000000000000000000000000000000000000000000000000000000000000000000000000000000000000000000000008786858483828180 0x00000000000000ff 0
0
0x20001c0
0
3
1
0
0
0
0
0
0
7
0x0000000000000000000000000000000000000000000000000000000000000000000000000000000000000000000000000000000000000000c7c6c5c4c3c2c1c0 0x00000000000000ff 0
